0 1.000000e+00
1 3.548400e-01
2 2.914855e-01
3 3.345306e-01
4 5.585798e-01
5 9.626926e+00
6 6.412165e-01
7 3.420859e-01
8 3.369153e-01
9 2.673107e-01
10 2.649282e-01
11 2.656047e-01
12 2.551126e-01
13 3.138253e-01
14 2.949950e-01
15 3.186823e-01
16 3.798862e-01
17 5.521339e-01
18 5.057274e-01
19 1.263870e+00
20 3.399755e+00
21 4.702355e-01
22 2.828171e-01
23 2.352041e-01
24 2.345437e-01
25 2.392690e-01
26 3.583469e-01
27 2.636851e-01
28 4.111259e-01
29 4.682899e-01
30 9.383475e-01
31 6.408865e-01
32 1.369841e+00
33 3.113746e-01
34 6.227718e-01
35 2.742109e-01
36 2.135292e-01
37 2.176024e-01
38 2.138476e-01
39 4.570616e-01
40 2.048744e-01
41 2.161858e-01
42 2.848975e-01
43 5.246642e-01
44 1.530239e+01
45 2.272998e+01
46 9.026181e-01
47 6.830971e-01
48 2.894925e-01
49 4.070210e-01
50 2.571854e-01
51 2.484728e-01
52 2.183217e-01
53 4.280653e-01
54 6.572330e-01
55 1.823842e-01
56 9.086258e-01
57 1.759840e-01
58 2.067747e-01
59 3.149228e-01
60 6.197432e-01
61 7.334379e-01
62 1.029976e+00
63 1.890157e+00
64 2.961543e-01
65 2.192879e-01
66 3.438565e+00
67 3.385995e+00
68 3.298399e-01
69 1.891660e-01
70 1.698440e-01
71 3.130972e-01
72 1.614991e-01
73 7.229932e-01
74 3.983215e-01
75 3.871994e-01
76 1.931709e-01
77 1.843337e-01
78 1.700761e-01
79 1.600023e-01
80 1.582675e-01
81 1.623304e-01
82 1.634018e-01
83 1.595128e-01
84 2.171798e-01
85 3.754216e-01
86 1.950977e-01
87 6.247782e-01
88 2.811504e-01
89 1.458156e-01
90 1.427104e-01
91 1.426635e-01
92 1.440233e-01
93 1.763329e-01
94 2.356601e+00
95 9.840510e-01
96 1.394002e-01
97 4.570607e-01
98 8.446055e-01
99 8.345387e-01
100 4.280764e-01
101 2.578914e-01
102 3.740499e-01
103 2.463843e-01
104 1.593018e-01
105 1.447149e-01
106 1.338623e-01
107 6.404116e-01
108 2.655721e-01
109 1.637763e-01
110 1.471897e-01
111 1.421921e-01
112 1.315726e-01
113 3.667339e-01
114 1.610328e-01
115 1.271086e-01
116 1.280523e-01
117 1.309494e-01
118 1.320781e-01
119 1.314538e-01
120 1.739123e-01
121 1.713376e-01
122 1.819213e-01
123 1.865029e-01
124 1.870217e-01
125 2.036747e-01
126 4.283956e-01
127 4.058094e-01
128 3.150552e+00
129 3.666692e+01
130 7.093605e+00
131 7.377669e+00
132 1.793276e+00
133 9.955212e-01
134 5.984825e-01
135 6.710389e-01
136 2.057216e-01
137 2.064903e-01
138 2.061968e-01
139 1.313782e-01
140 1.399233e-01
141 1.567394e-01
142 2.011637e-01
143 2.112829e-01
144 2.726623e-01
145 1.189092e-01
146 1.291278e-01
147 1.283944e-01
148 2.848213e+00
149 1.211737e-01
150 1.190008e-01
151 1.189324e-01
152 1.284174e-01
153 1.731540e-01
154 3.262837e-01
155 6.312264e-01
156 6.306906e-01
157 4.676429e-01
158 3.188537e+00
159 1.000826e+00
160 1.005079e+00
161 9.009242e-01
162 2.582097e-01
163 2.562037e-01
164 1.127034e-01
165 4.114477e-01
166 4.131969e-01
167 1.131014e-01
168 6.137253e-01
169 1.314359e-01
170 1.107154e-01
171 1.101582e-01
172 1.167896e-01
173 1.170655e-01
174 1.517175e-01
175 4.565520e+00
176 2.014519e-01
177 1.496593e-01
178 1.494142e-01
179 1.369822e-01
180 1.204415e-01
181 1.094137e-01
182 1.098182e-01
183 1.105095e-01
184 1.116155e-01
185 1.179562e-01
186 1.189320e-01
187 1.243208e-01
188 1.197233e-01
189 1.271715e-01
190 1.301915e-01
191 1.297846e-01
192 1.797887e-01
193 1.837649e+00
194 1.381199e-01
195 6.138325e-01
196 2.595175e-01
197 1.666869e-01
198 1.429965e-01
199 1.085961e-01
200 2.768618e-01
201 5.916076e-01
202 1.137841e-01
203 1.047204e-01
204 2.212843e-01
205 2.061932e-01
206 2.363690e-01
207 1.232841e-01
208 1.419173e-01
209 1.136150e-01
210 1.114400e-01
211 1.056401e-01
212 4.267849e-01
213 1.162029e-01
214 1.726415e-01
215 1.691291e-01
216 1.083524e-01
217 1.478389e-01
218 1.302336e-01
219 1.328469e+00
220 1.253793e-01
221 1.011265e-01
222 1.073669e-01
223 1.336936e-01
224 1.970755e-01
225 2.366182e-01
226 2.398833e-01
227 2.374279e-01
228 2.975273e-01
229 1.093553e-01
230 1.156636e-01
231 1.222514e-01
232 1.391354e+00
233 3.068125e-01
234 3.040137e-01
235 2.429984e-01
236 1.395601e-01
237 1.044653e-01
238 1.369405e-01
239 1.349463e-01
240 1.255998e-01
241 1.232671e-01
242 1.255936e-01
243 1.442627e-01
244 1.421068e-01
245 1.308359e-01
246 1.276555e-01
247 4.186836e-01
248 1.165504e-01
249 9.575129e-02
250 1.729285e-01
251 9.879544e-02
252 1.043248e-01
253 1.377826e-01
254 1.378672e-01
255 9.651329e-02
256 1.116263e-01
257 1.194645e-01
258 1.196945e-01
259 1.220374e-01
260 1.013906e-01
261 9.533001e-02
262 1.003972e-01
263 5.828926e-01
264 2.450862e-01
265 1.151074e-01
266 2.046600e-01
267 2.169636e+00
268 2.523986e-01
269 1.977424e-01
270 1.967880e-01
271 1.401581e-01
272 1.576094e-01
273 1.443617e-01
274 9.636686e-02
275 1.038167e-01
276 1.022783e-01
277 9.852360e-02
278 4.917237e-01
279 2.231654e-01
280 1.828226e-01
281 9.519604e-02
282 1.091798e-01
283 9.153576e-02
284 9.123368e-02
285 9.158683e-02
286 9.160010e-02
287 9.385654e-02
288 1.082722e-01
289 1.728044e-01
290 2.577432e-01
291 8.942577e-02
292 1.687486e-01
293 1.714583e-01
294 8.463445e-02
295 9.600432e-02
296 1.741886e-01
297 2.596326e-01
298 2.921209e-01
299 3.362328e-01
