0 1.000000e+00
1 1.950747e-01
2 1.607406e-01
3 1.440107e-01
4 1.331325e-01
5 1.253406e-01
6 1.193299e-01
7 1.145072e-01
8 1.105003e-01
9 1.070995e-01
10 1.041543e-01
11 1.015695e-01
12 9.927110e-02
13 9.720863e-02
14 9.534081e-02
15 9.363810e-02
16 9.207530e-02
17 9.063375e-02
18 8.929707e-02
19 8.805278e-02
20 8.688967e-02
21 8.579904e-02
22 8.477292e-02
23 8.380499e-02
24 8.288941e-02
25 8.202147e-02
26 8.119677e-02
27 8.041172e-02
28 7.966291e-02
29 7.894755e-02
30 7.826297e-02
31 7.760694e-02
32 7.697734e-02
33 7.637238e-02
34 7.579032e-02
35 7.522971e-02
36 7.468914e-02
37 7.416740e-02
38 7.366331e-02
39 7.317587e-02
40 7.270410e-02
41 7.224715e-02
42 7.180418e-02
43 7.137449e-02
44 7.095736e-02
45 7.055218e-02
46 7.015834e-02
47 6.977531e-02
48 6.940256e-02
49 6.903964e-02
50 6.868609e-02
51 6.834151e-02
52 6.800550e-02
53 6.767771e-02
54 6.735779e-02
55 6.704542e-02
56 6.674029e-02
57 6.644214e-02
58 6.615068e-02
59 6.586567e-02
60 6.558686e-02
61 6.531403e-02
62 6.504697e-02
63 6.478547e-02
64 6.452934e-02
65 6.427839e-02
66 6.403246e-02
67 6.379137e-02
68 6.355497e-02
69 6.332310e-02
70 6.309563e-02
71 6.287241e-02
72 6.265331e-02
73 6.243822e-02
74 6.222700e-02
75 6.201954e-02
76 6.181573e-02
77 6.161547e-02
78 6.141866e-02
79 6.122519e-02
80 6.103497e-02
81 6.084792e-02
82 6.066394e-02
83 6.048296e-02
84 6.030489e-02
85 6.012966e-02
86 5.995718e-02
87 5.978740e-02
88 5.962023e-02
89 5.945562e-02
90 5.929349e-02
91 5.913379e-02
92 5.897645e-02
93 5.882143e-02
94 5.866865e-02
95 5.851807e-02
96 5.836963e-02
97 5.822329e-02
98 5.807898e-02
99 5.793668e-02
100 5.779632e-02
101 5.765786e-02
102 5.752127e-02
103 5.738649e-02
104 5.725349e-02
105 5.712223e-02
106 5.699266e-02
107 5.686476e-02
108 5.673848e-02
109 5.661379e-02
110 5.649066e-02
111 5.636905e-02
112 5.624893e-02
113 5.613026e-02
114 5.601303e-02
115 5.589719e-02
116 5.578272e-02
117 5.566959e-02
118 5.555777e-02
119 5.544724e-02
120 5.533798e-02
121 5.522994e-02
122 5.512312e-02
123 5.501749e-02
124 5.491302e-02
125 5.480969e-02
126 5.470748e-02
127 5.460636e-02
128 5.450633e-02
129 5.440735e-02
130 5.430940e-02
131 5.421247e-02
132 5.411654e-02
133 5.402159e-02
134 5.392760e-02
135 5.383456e-02
136 5.374244e-02
137 5.365123e-02
138 5.356091e-02
139 5.347147e-02
140 5.338290e-02
141 5.329517e-02
142 5.320827e-02
143 5.312219e-02
144 5.303692e-02
145 5.295243e-02
146 5.286872e-02
147 5.278577e-02
148 5.270358e-02
149 5.262212e-02
150 5.254138e-02
151 5.246137e-02
152 5.238205e-02
153 5.230342e-02
154 5.222547e-02
155 5.214819e-02
156 5.207157e-02
157 5.199559e-02
158 5.192025e-02
159 5.184554e-02
160 5.177145e-02
161 5.169796e-02
162 5.162507e-02
163 5.155277e-02
164 5.148105e-02
165 5.140990e-02
166 5.133932e-02
167 5.126929e-02
168 5.119980e-02
169 5.113085e-02
170 5.106244e-02
171 5.099454e-02
172 5.092716e-02
173 5.086029e-02
174 5.079392e-02
175 5.072804e-02
176 5.066265e-02
177 5.059774e-02
178 5.053330e-02
179 5.046933e-02
180 5.040581e-02
181 5.034276e-02
182 5.028014e-02
183 5.021797e-02
184 5.015624e-02
185 5.009493e-02
186 5.003405e-02
187 4.997359e-02
188 4.991354e-02
189 4.985390e-02
190 4.979467e-02
191 4.973582e-02
192 4.967738e-02
193 4.961932e-02
194 4.956164e-02
195 4.950434e-02
196 4.944741e-02
197 4.939085e-02
198 4.933466e-02
199 4.927882e-02
200 4.922334e-02
201 4.916822e-02
202 4.911343e-02
203 4.905900e-02
204 4.900490e-02
205 4.895113e-02
206 4.889770e-02
207 4.884459e-02
208 4.879181e-02
209 4.873935e-02
210 4.868720e-02
211 4.863537e-02
212 4.858384e-02
213 4.853262e-02
214 4.848170e-02
215 4.843108e-02
216 4.838076e-02
217 4.833073e-02
218 4.828099e-02
219 4.823154e-02
220 4.818237e-02
221 4.813348e-02
222 4.808486e-02
223 4.803652e-02
224 4.798846e-02
225 4.794066e-02
226 4.789313e-02
227 4.784586e-02
228 4.779885e-02
229 4.775210e-02
230 4.770561e-02
231 4.765936e-02
232 4.761337e-02
233 4.756763e-02
234 4.752213e-02
235 4.747688e-02
236 4.743187e-02
237 4.738709e-02
238 4.734256e-02
239 4.729825e-02
240 4.725418e-02
241 4.721034e-02
242 4.716672e-02
243 4.712334e-02
244 4.708017e-02
245 4.703723e-02
246 4.699450e-02
247 4.695199e-02
248 4.690970e-02
249 4.686762e-02
250 4.682576e-02
251 4.678410e-02
252 4.674265e-02
253 4.670141e-02
254 4.666037e-02
255 4.661953e-02
256 4.657890e-02
257 4.653846e-02
258 4.649823e-02
259 4.645818e-02
260 4.641833e-02
261 4.637868e-02
262 4.633921e-02
263 4.629994e-02
264 4.626085e-02
265 4.622195e-02
266 4.618323e-02
267 4.614469e-02
268 4.610634e-02
269 4.606817e-02
270 4.603018e-02
271 4.599236e-02
272 4.595472e-02
273 4.591725e-02
274 4.587996e-02
275 4.584284e-02
276 4.580589e-02
277 4.576911e-02
278 4.573250e-02
279 4.569605e-02
280 4.565977e-02
281 4.562365e-02
282 4.558770e-02
283 4.555191e-02
284 4.551628e-02
285 4.548080e-02
286 4.544549e-02
287 4.541033e-02
288 4.537533e-02
289 4.534048e-02
290 4.530579e-02
291 4.527125e-02
292 4.523686e-02
293 4.520262e-02
294 4.516853e-02
295 4.513458e-02
296 4.510079e-02
297 4.506714e-02
298 4.503363e-02
299 4.500027e-02
