0 4.291119e+05
1 1.145248e+05
2 6.725017e+04
3 6.497404e+04
4 9.340570e+04
5 1.885570e+05
6 1.877512e+05
7 3.279552e+05
8 3.927163e+05
9 5.135431e+05
10 6.474492e+05
11 6.497358e+05
12 7.625294e+05
13 6.250339e+05
14 6.524829e+05
15 4.744080e+05
16 4.488673e+05
17 3.132902e+05
18 2.804788e+05
19 1.992993e+05
20 1.761480e+05
21 1.326100e+05
22 1.198383e+05
23 9.806349e+04
24 9.279922e+04
25 8.337148e+04
26 8.316200e+04
27 8.126530e+04
28 8.430163e+04
29 8.723676e+04
30 9.153780e+04
31 9.684332e+04
32 9.963938e+04
33 1.043000e+05
34 1.027193e+05
35 1.041014e+05
36 9.715354e+04
37 9.473563e+04
38 8.425563e+04
39 7.970528e+04
40 6.873967e+04
41 6.418158e+04
42 5.488714e+04
43 5.158270e+04
44 4.467251e+04
45 4.296057e+04
46 3.824804e+04
47 3.799073e+04
48 3.497693e+04
49 3.587672e+04
50 3.401885e+04
51 3.570490e+04
52 3.445852e+04
53 3.646371e+04
54 3.527938e+04
55 3.706240e+04
56 3.547126e+04
57 3.657405e+04
58 3.436103e+04
59 3.461901e+04
60 3.191958e+04
61 3.151898e+04
62 2.870472e+04
63 2.802111e+04
64 2.546903e+04
65 2.485099e+04
66 2.279038e+04
67 2.244950e+04
68 2.094584e+04
69 2.095819e+04
70 1.996538e+04
71 2.031123e+04
72 1.972085e+04
73 2.031443e+04
74 1.998143e+04
75 2.068768e+04
76 2.044770e+04
77 2.110607e+04
78 2.080584e+04
79 2.127548e+04
80 2.081782e+04
81 2.103016e+04
82 2.040742e+04
83 2.039009e+04
84 1.967652e+04
85 1.952671e+04
86 1.882374e+04
87 1.862208e+04
88 1.792402e+04
89 1.751318e+04
90 1.644119e+04
91 1.526765e+04
92 1.340939e+04
93 1.158891e+04
94 9.730220e+03
95 8.324623e+03
96 7.146783e+03
97 6.319256e+03
98 5.655321e+03
99 5.261316e+03
100 5.006460e+03
101 4.933653e+03
102 4.942124e+03
103 5.077167e+03
104 5.252058e+03
105 5.479227e+03
106 5.687427e+03
107 5.870175e+03
108 5.976689e+03
109 5.988800e+03
110 5.906790e+03
111 5.715422e+03
112 5.462435e+03
113 5.131993e+03
114 4.800795e+03
115 4.433417e+03
116 4.109929e+03
117 3.778596e+03
118 3.505981e+03
119 3.232759e+03
120 3.016356e+03
121 2.791454e+03
122 2.615006e+03
123 2.420005e+03
124 2.263473e+03
125 2.084304e+03
126 1.936909e+03
127 1.769246e+03
128 1.632417e+03
129 1.480932e+03
130 1.362421e+03
131 1.234868e+03
132 1.141100e+03
133 1.041963e+03
134 9.742142e+02
135 9.021145e+02
136 8.565883e+02
137 8.051026e+02
138 7.743277e+02
139 7.338752e+02
140 7.081720e+02
141 6.683064e+02
142 6.381675e+02
143 5.911009e+02
144 5.511752e+02
145 4.956899e+02
146 4.478825e+02
147 3.898430e+02
148 3.416007e+02
149 2.893540e+02
150 2.481195e+02
151 2.070920e+02
152 1.763754e+02
153 1.474648e+02
154 1.269328e+02
155 1.081607e+02
156 9.564980e+01
157 8.424930e+01
158 7.737978e+01
159 7.089764e+01
160 6.768014e+01
161 6.416567e+01
162 6.294456e+01
163 6.073705e+01
164 5.998323e+01
165 5.760691e+01
166 5.602631e+01
167 5.252916e+01
168 4.959315e+01
169 4.505156e+01
170 4.131252e+01
171 3.670301e+01
172 3.328885e+01
173 2.969509e+01
174 2.753464e+01
175 2.559306e+01
176 2.513262e+01
177 2.490151e+01
178 2.569709e+01
179 2.547146e+01
180 2.397738e+01
181 1.915047e+01
182 1.311423e+01
183 7.593775e+00
184 4.486762e+00
185 3.273582e+00
186 3.855523e+00
187 6.928215e+00
188 1.430255e+01
189 1.877741e+01
190 1.127555e+01
191 4.064728e+00
192 1.796547e+00
193 1.594278e+00
194 2.483144e+00
195 2.647729e+00
196 1.389350e+00
197 8.133741e-01
198 1.041082e+00
199 1.629447e+00
