0 6.550663e+02
1 2.071854e+01
2 7.546994e+00
3 7.822945e-01
4 2.316720e-01
5 9.310052e-02
6 1.755655e-02
7 1.428701e-02
8 6.819720e-03
9 2.154601e-03
10 2.034856e-03
11 1.447089e-03
12 6.458193e-04
13 4.154941e-04
14 4.404552e-04
15 3.446674e-04
16 1.989213e-04
17 1.244736e-04
18 1.326988e-04
19 1.344363e-04
20 1.100843e-04
21 7.479587e-05
22 5.079834e-05
23 4.904192e-05
24 5.425933e-05
25 5.418361e-05
26 4.736281e-05
27 3.676194e-05
28 2.712308e-05
29 2.289321e-05
30 2.399252e-05
31 2.627489e-05
32 2.706862e-05
33 2.570553e-05
34 2.255186e-05
35 1.855223e-05
36 1.497220e-05
37 1.301785e-05
38 1.300019e-05
39 1.402679e-05
40 1.505583e-05
41 1.551667e-05
42 1.521966e-05
43 1.420816e-05
44 1.268284e-05
45 1.095760e-05
46 9.414915e-06
47 8.420728e-06
48 8.152220e-06
49 8.467885e-06
50 9.043438e-06
51 9.592672e-06
52 9.940551e-06
53 1.000432e-05
54 9.765923e-06
55 9.255170e-06
56 8.540074e-06
57 7.719375e-06
58 6.913811e-06

