0 3.008533e+03
1 4.008727e+01
2 2.133513e+01
3 1.433628e+01
4 1.115981e+01
5 9.096756e+00
6 5.168001e+01
7 6.970315e+00
8 5.936007e+00
9 5.329157e+00
10 5.021855e+00
11 7.161466e+00
12 4.998219e+00
13 3.355948e+00
14 3.156299e+00
15 2.911539e+00
16 3.118846e+00
17 2.540202e+01
18 3.077026e+00
19 2.572893e+00
20 2.417521e+00
21 2.162231e+00
22 2.042332e+00
23 2.492020e+01
24 1.881962e+00
25 1.936889e+00
26 1.806394e+00
27 1.467779e+00
28 1.930469e+00
29 2.141809e+00
30 1.479601e+00
31 1.266876e+00
32 1.146976e+00
33 1.157896e+00
34 1.400755e+01
35 1.060413e+00
36 9.402247e-01
37 7.928503e-01
38 7.435007e-01
39 7.245030e-01
40 5.497215e+00
41 6.921858e-01
42 6.360260e-01
43 6.022889e-01
44 6.467254e-01
45 6.238461e-01
46 6.223163e+00
47 6.067065e-01
48 6.403955e-01
49 7.090427e-01
50 6.602795e-01
51 7.687376e-01
52 1.105744e+00
53 6.166260e-01
54 5.753777e-01
55 5.332700e-01
56 5.459864e-01
57 2.817777e+00
58 5.306056e-01
59 5.227470e-01
60 5.571720e-01
61 5.564060e-01
62 5.594697e-01
63 2.417439e+00
64 5.745170e-01
65 5.820762e-01
66 6.501860e-01
67 6.528697e-01
68 6.270266e-01
69 7.366091e-01
70 1.029073e+00
71 6.177888e-01
72 5.851989e-01
73 5.365651e-01
74 5.533399e-01
75 3.645222e+00
76 5.651484e-01
77 6.281988e-01
78 5.742689e-01
79 4.959067e-01
80 4.932099e-01
81 1.055629e+01
82 4.541912e-01
83 4.901557e-01
84 5.332742e-01
85 4.782803e-01
86 4.408942e-01
87 8.710316e+00
88 4.185420e-01
89 4.158510e-01
90 3.974144e-01
91 4.131282e-01
92 4.084464e-01
93 3.026803e+00
94 4.350420e-01
95 4.879964e-01
96 5.554588e-01
97 5.136771e-01
98 5.387118e-01
99 7.976970e+00
100 5.160309e-01
101 5.347898e-01
102 5.763731e-01
103 5.638910e-01
104 5.219760e-01
105 6.377238e+00
106 5.148700e-01
107 4.438714e-01
108 4.143002e-01
109 4.176924e-01
110 4.120628e-01
111 9.679877e-01
112 3.578736e-01
113 3.904659e-01
114 4.240899e-01
115 3.833413e-01
116 3.952453e-01
117 8.124726e-01
118 3.749049e-01
119 4.043496e-01
120 3.537248e-01
121 3.404593e-01
122 3.190117e+00
123 3.359465e-01
124 3.471740e-01
125 3.277254e-01
126 3.314142e-01
127 3.325231e-01
128 4.506381e+00
129 3.564583e-01
130 3.279621e-01
131 3.214015e-01
132 3.280121e-01
133 3.115147e-01
134 3.449506e+00
135 3.223734e-01
136 3.014098e-01
137 2.968438e-01
138 2.837407e-01
139 3.175482e-01
140 9.216882e-01
141 3.466602e-01
142 3.316699e-01
143 2.897623e-01
144 2.660848e-01
145 1.880881e+00
146 2.655215e-01
147 2.956040e-01
148 2.364612e-01
149 2.120004e-01
150 1.933898e-01
151 1.762291e+00
152 1.910325e-01
153 1.685058e-01
154 1.709663e-01
155 1.657327e-01
156 2.411925e-01
157 2.829864e-01
158 1.483103e-01
159 1.605627e-01
160 1.664531e-01
161 1.485211e-01
162 2.053682e+00
163 1.500152e-01
164 1.512945e-01
165 1.646785e-01
166 1.522873e-01
167 1.622600e-01
168 4.204806e-01
169 1.656382e-01
170 1.747759e-01
171 1.535473e-01
172 1.502233e-01
173 8.482191e-01
174 1.410030e-01
175 1.330074e-01
176 1.377024e-01
177 1.650769e-01
178 1.678030e-01
179 6.180419e-01
180 1.534175e-01
181 1.505361e-01
182 1.775587e-01
183 1.516420e-01
184 1.276092e+00
185 1.280818e-01
186 1.184395e-01
187 1.233530e-01
188 1.044265e-01
189 1.124007e-01
190 2.602639e-01
191 1.098165e-01
192 1.132897e-01
193 1.011809e-01
194 9.066948e-02
195 2.137691e+00
196 9.323166e-02
197 9.545453e-02
198 9.848176e-02
199 9.865840e-02
