0 3.008533e+03
1 4.008371e+01
2 1.883347e+01
3 1.140734e+01
4 7.977253e+00
5 5.967572e+00
6 5.957611e+00
7 4.528854e+00
8 3.600586e+00
9 2.983457e+00
10 2.564951e+00
11 2.192700e+00
12 2.174290e+00
13 1.824777e+00
14 1.579764e+00
15 1.388538e+00
16 1.268496e+00
17 1.194366e+00
18 1.171508e+00
19 1.066187e+00
20 9.755283e-01
21 8.892164e-01
22 8.149476e-01
23 7.854314e-01
24 7.477713e-01
25 6.975889e-01
26 6.507503e-01
27 5.949030e-01
28 5.495384e-01
29 5.316527e-01
30 5.151158e-01
31 4.771788e-01
32 4.405719e-01
33 4.117697e-01
34 3.837400e-01
35 3.833350e-01
36 3.552595e-01
37 3.242014e-01
38 2.971778e-01
39 2.746308e-01
40 2.553447e-01
41 2.552493e-01
42 2.368863e-01
43 2.204483e-01
44 2.086591e-01
45 1.977958e-01
46 1.880517e-01
47 1.804393e-01
48 1.804208e-01
49 1.748540e-01
50 1.690276e-01
51 1.632805e-01
52 1.578410e-01
53 1.522374e-01
54 1.522117e-01
55 1.463665e-01
56 1.413746e-01
57 1.364533e-01
58 1.320291e-01
59 1.288923e-01
60 1.284676e-01
61 1.251736e-01
62 1.221514e-01
63 1.193256e-01
64 1.168239e-01
65 1.167132e-01
66 1.145706e-01
67 1.127283e-01
68 1.112873e-01
69 1.095732e-01
70 1.079316e-01
71 1.079251e-01
72 1.061489e-01
73 1.041329e-01
74 1.023388e-01
75 1.006835e-01
76 9.945712e-02
77 9.944350e-02
78 9.794514e-02
79 9.607894e-02
80 9.429944e-02
81 9.227526e-02
82 9.044469e-02
83 9.043545e-02
84 8.883249e-02
85 8.746343e-02
86 8.614731e-02
87 8.444628e-02
88 8.288639e-02
89 8.276134e-02
90 8.102701e-02
91 7.954358e-02
92 7.828983e-02
93 7.731459e-02
94 7.727993e-02
95 7.623086e-02
96 7.523131e-02
97 7.437487e-02
98 7.366911e-02
99 7.294026e-02
100 7.292855e-02
101 7.225974e-02
102 7.169847e-02
103 7.112583e-02
104 7.047090e-02
105 7.045764e-02
106 6.981932e-02
107 6.897129e-02
108 6.803497e-02
109 6.715002e-02
110 6.620597e-02
111 6.611989e-02
112 6.500057e-02
113 6.397863e-02
114 6.314603e-02
115 6.236749e-02
116 6.234976e-02
117 6.147515e-02
118 6.066778e-02
119 6.010912e-02
120 5.928569e-02
121 5.840616e-02
122 5.839773e-02
123 5.747334e-02
124 5.658194e-02
125 5.571854e-02
126 5.514452e-02
127 5.502071e-02
128 5.430198e-02
129 5.365811e-02
130 5.304996e-02
131 5.235765e-02
132 5.169231e-02
133 5.168988e-02
134 5.092848e-02
135 5.031006e-02
136 4.966340e-02
137 4.899449e-02
138 4.886356e-02
139 4.827434e-02
140 4.762786e-02
141 4.706056e-02
142 4.669101e-02
143 4.616578e-02
144 4.616406e-02
145 4.562053e-02
146 4.508461e-02
147 4.440386e-02
148 4.358761e-02
149 4.344383e-02
150 4.276277e-02
151 4.193604e-02
152 4.098062e-02
153 3.998918e-02
154 3.902574e-02
155 3.902348e-02
156 3.804572e-02
157 3.690713e-02
158 3.596575e-02
159 3.512511e-02
160 3.492575e-02
161 3.421058e-02
162 3.326068e-02
163 3.247641e-02
164 3.181579e-02
165 3.123104e-02
166 3.122615e-02
167 3.053173e-02
168 2.993227e-02
169 2.943540e-02
170 2.894557e-02
171 2.892789e-02
172 2.831556e-02
173 2.775197e-02
174 2.739056e-02
175 2.690477e-02
176 2.644421e-02
177 2.643803e-02
178 2.614317e-02
179 2.576740e-02
180 2.539112e-02
181 2.501687e-02
182 2.500608e-02
183 2.474728e-02
184 2.445909e-02
185 2.403878e-02
186 2.360597e-02
187 2.316712e-02
188 2.316245e-02
189 2.258318e-02
190 2.205271e-02
191 2.160354e-02
192 2.122891e-02
193 2.122218e-02
194 2.078877e-02
195 2.026441e-02
196 1.980181e-02
197 1.938886e-02
198 1.911473e-02
199 1.902021e-02
